excute ioctl passed
CDB:
85 08 2E 00 00 00 01 00 00 00 00 00 00 40 EC 00 

SENSE:
72 00 00 00 00 00 00 0E 09 0C 00 00 00 00 00 00 
00 00 00 00 00 50 00 00 00 00 00 00 00 00 00 00 

DATA:
40 00 FF 3F 37 C8 10 00 00 00 00 00 3F 00 00 00 
00 00 00 00 32 53 37 52 58 4E 4A 30 30 37 36 31 
36 35 20 48 20 20 20 20 00 00 00 00 00 00 4D 45 
30 54 42 32 51 36 61 53 73 6D 6E 75 20 67 53 53 
20 44 35 38 20 30 56 45 20 4F 35 32 47 30 20 42 
20 20 20 20 20 20 20 20 20 20 20 20 20 20 01 80 
01 40 00 2F 00 40 00 02 00 02 07 00 FF 3F 10 00 
3F 00 10 FC FB 00 01 01 FF FF FF 0F 00 00 07 00 
03 00 78 00 78 00 78 00 78 00 90 0F 00 00 00 00 
00 00 00 00 00 00 1F 00 0E 85 C6 00 6C 01 60 00 
FC 03 39 00 69 74 01 7D 63 41 69 74 01 BC 63 41 
7F 40 00 00 00 00 00 00 00 00 00 00 00 00 00 00 
00 00 00 00 00 00 00 00 70 59 1C 1D 00 00 00 00 
00 00 08 00 00 40 00 00 02 50 8D 53 18 42 7C 31 
00 00 00 00 00 00 00 00 00 00 00 00 00 00 1E 40 
1C 40 00 00 00 00 00 00 00 00 00 00 00 00 00 00 
00 00 00 00 00 00 00 00 00 00 00 00 00 00 00 00 
00 00 00 00 00 00 00 00 00 00 00 00 00 00 00 00 
00 00 00 00 00 00 00 00 00 00 00 00 00 00 00 00 
00 00 00 00 00 00 00 00 00 00 00 00 00 00 00 00 
00 00 00 00 00 00 00 00 00 00 00 00 00 00 00 00 
03 00 01 00 20 20 20 20 20 20 20 20 00 00 00 00 
00 00 00 00 00 00 00 00 00 00 00 00 00 00 00 00 
00 00 00 00 00 00 00 00 00 00 00 00 00 00 00 00 
00 00 00 00 00 00 00 00 00 00 00 00 00 00 00 00 
00 00 00 00 00 00 00 00 00 00 00 00 3D 00 00 00 
00 00 00 40 00 00 00 00 00 00 00 00 00 00 00 00 
00 00 01 00 00 00 00 00 00 00 00 00 7F 10 00 00 
00 00 00 00 00 00 00 00 00 00 00 00 00 00 00 00 
00 00 00 00 00 00 00 08 00 00 00 00 00 00 00 00 
00 00 00 00 00 00 00 40 00 00 00 00 00 00 00 00 
00 00 00 00 00 00 00 00 00 00 00 00 00 00 A5 EA 

--------------------------------------------
[SCSI]SCSI Status            :0x00 (Good)
--------------------------------------------
[SCSI]Response Code          :0x72
[SCSI]SenseKey               :0x00
[SCSI]ucAsc                  :0x00
[SCSI]ucAscq                 :0x00
[SCSI]Addtional Length       :0x0E
[SCSI]Descriptor Type        :0x09
[SCSI]Addtional Des Len      :0x0C
--------------------------------------------
[ATA]Error                   :0x00
[ATA]Count                   :0x0000
[ATA]LBA                     :0x000000000000
[ATA]DEVICE                  :0x00
[ATA]STATUS                  :0x50
Command excutes success
